0
62
95
129
162
196
254
312
370
429
457
485
513
541
505
469
433
397
393
388
384
379
397
416
434
453
458
464
470
476
452
427
403
378
362
346
330
314
270
225
180
135
113
90
67
44
0
130
140
150
160
171
211
251
291
332
353
375
396
418
439
460
481
503
510
518
525
533
539
545
551
558
558
558
558
557
535
513
491
469
421
372
324
275
226
176
127
77
65
52
39
26
0
122
138
154
170
187
208
229
250
271
329
388
446
505
485
465
445
424
435
447
459
471
500
530
559
589
572
555
538
521
525
529
533
537
503
468
434
399
323
246
170
93
78
62
46
30
0
57
60
64
67
71
109
147
185
223
262
301
340
380
373
366
359
351
357
364
371
378
423
469
515
561
525
488
452
415
386
357
328
299
276
253
230
207
175
142
110
77
62
46
30
14