0
13
72
132
192
252
338
424
510
597
621
646
670
695
685
674
664
653
756
859
962
1066
1106
1146
1186
1227
1228
1229
1230
1232
1180
1128
1076
1024
932
839
747
654
554
453
353
252
214
175
136
97
0
28
56
84
113
274
436
598
760
1087
1414
1741
2068
1975
1881
1788
1694
1708
1723
1738
1753
1798
1843
1888
1934
1895
1855
1815
1775
1767
1759
1751
1742
1598
1453
1308
1163
964
765
566
366
301
235
169
103
0
7
31
55
79
103
274
446
617
789
1009
1230
1450
1671
1494
1317
1140
962
1040
1119
1198
1277
1366
1455
1544
1633
1639
1645
1651
1657
1608
1559
1510
1461
1354
1247
1140
1033
914
795
676
556
485
413
341
269
