0
13
36
59
82
106
198
291
384
477
623
770
916
1063
1058
1053
1048
1043
1052
1062
1072
1082
1103
1125
1147
1169
1159
1149
1139
1129
1041
953
865
777
707
637
567
496
408
320
232
143
117
90
63
36
0
8
16
24
33
120
208
295
383
580
777
974
1171
1108
1044
981
917
928
939
950
962
963
964
965
966
953
940
927
914
856
797
738
679
613
546
480
413
347
280
214
147
117
86
56
25
0
8
16
24
32
123
214
305
397
587
777
967
1157
1135
1113
1091
1068
1075
1082
1089
1096
1147
1198
1249
1300
1347
1395
1442
1490
1472
1453
1434
1415
1301
1186
1071
956
794
631
468
305
236
167
98
28
0
7
14
21
28
93
158
223
288
508
728
948
1169
1164
1158
1153
1147
1272
1397
1522
1648
1681
1714
1747
1781
1805
1829
1853
1878
1844
1810
1776
1741
1593
1444
1295
1146
947
748
549
350
297
244
191
137
